tampon : 69214
10103
83241
37930
50722
93164
80918
17490
64372
89659
91555
48924
38031
57853
88521
68331
32767
95030
80448
27268
18742
50258
88830
73007
95145
58976
22476
21785
21560
82909
55371
73607
88276
86274
61163
52231
84647
37515
44394
58258
56060
79808
96748
87301
93991
45674
10870
13175
12881
11425
71044
70247
97814
78003
45779
95915
51055
14500
40956
64791
95406
18800
85004
16723
14333
40419
81499
31696
71897
63928
46875
40086
67622
63819
74694
63615
88828
58917
86066
84677
87339
30182
71811
26364
45435
65473
40764
86131
46984
94658
34864
74271
37126
26701
11846
91698
19986
31279
25542
43023
25001
39137
75796
93491
16837
78167
56738
66303
91100
99100
46126
31826
61208
98875
89960
87445
90701
48604
49830
32422
48321
91545
30591
76791
47653
70447
96337
40822
50985
45600
78539
11792
89999
22229
79514
93645
39916
63722
85209
78460
79669
89396
12518
70992
92482
50977
59666
69358
30774
50495
74843
64043
42690
95474
31999
77935
86471
82671
21996
25301
45903
88433
18897
23742
29440
77679
67503
22862
68125
32102
57298
44985
76984
96974
22496
19906
53085
49762
23508
73366
39420
21487
49538
58985
78834
83207
26624
33276
62119
72488
69108
28383
45283
56242
47120
20917
91088
30625
81302
14883
45215
36185
47369
39320
35775
20573
92168
85925
83017
88673
85790
40389
13925
65265
21058
81605
49669
58410
20993
89320
93679
24396
26960
35749
67814
95966
45832
21396
70924
51921
86430
60703
55109
64568
61181
76019
93405
40732
27676
46615
94412
42651
22911
37891
39505
30551
52001
94890
12845
60037
17811
39461
70835
26239
21199
29427
99745
58368
32844
25356
55087
73711
23878
19011
55522
25442
43553
79059
45546
18253
13486
85621
94812
35976
95446
68679
35048
32404
54639
46890
54797
58043
38310
96824
82010
44558
25947
39754
85172
38409
93847
70670
66466
14378
10594
88488
80919
15539
76757
73014
10103
63011
97931
11511
90999
10581
24639
12573
94628
68709
69611
77840
56046
64975
35086
21044
27003
99990
92558
10676
79869
41478
40010
57724
36886
52799
74618
37677
25056
37249
16420
92579
32467
50446
20800
25367
20200
67153
99387
99003
21079
21496
10244
60317
89792
66971
48409
87836
94588
19574
43975
54578
24412
66935
75103
99675
63283
38622
76156
18868
95097
87940
31588
86721
40662
61441
95742
12500
69704
52150
94648
34905
90241
22820
84893
35291
91607
91250
12934
50355
11918
11981
90011
19160
38536
47433
71173
58871
99297
14256
42700
65952
38344
31939
88319
48532
54160
51367
63774
91398
19606
15722
11670
11752
57229
92900
35472
11762
52327
49806
83152
66672
13349
10860
34902
36500
90699
65392
67360
20770
27579
52424
88044
82234
38116
71095
35234
74397
59605
33516
83961
17934
58619
24784
60415
33999
70899
71992
31607
82993
98377
19236
69248
12305
12750
67143
51085
21283
58438
61450
77223
40730
61388
10697
29817
44526
42126
91131
53762
99711
41168
89661
19509
46491
82876
57530
30070
37182
98660
53088
23056
59488
27659
85486
33558
64995
58406
52353
52674
97158
36966
96617
17881
38135
35640
75976
54361
70827
23840
93190
75051
64409
20040
92938
43465
11298
99421
21674
68613
40038
90984
72223
99618
96274
54840
77678
79087
27866
94127
83829
21118
54767
31592
84251
16359
33404
30167
54633
64214
65936
26779
56981
88384
16954
19265
20882
24268
73896
17491
34135
97863
33458
87234
17021
43735
41413
23370
40859
20847
78780
89412
44732
15416
20026
20447
92208
22919
19025
78537
21990
57022
23379
10223
70096
27889
73766
17352
18766
85353
16699
18043
67635
89066
96095
80193
83111
82714
15568
46071
24766
24252
90799
45593
42434
76708
44049
26070
89487
75405
61151
55659
97690
23955
51413
93303
88340
36666
68983
97452
77775
93498
35180
88369
60950
80469
44830
56953
14598
48010
51318
70157
29536
97148
88940
94267
80689
51360
22949
61037
12068
29715
90504
31564
33933
29523
77893
55688
24079
13322
89943
29072
53586
23918
56128
66658
10133
99815
68216
46022
83063
62075
53883
66467
47896
71785
84153
29778
31766
16108
45369
40723
65628
22238
91501
17080
27106
52006
10554
42902
78074
76079
66574
30704
61970
75806
65083
44142
89309
14755
31582
71879
50300
55843
70241
13864
56863
28825
93845
20530
44137
47611
76632
96396
21784
10465
76247
90281
68036
98495
66489
73992
27262
46644
27046
68306
56759
59597
35807
81247
28886
93602
28876
83548
42548
17737
39564
38730
15305
64475
88203
49209
58403
33211
12588
38930
57720
70408
35638
97473
79297
82229
86569
25113
16476
75345
15696
24138
82572
88539
59729
20283
31336
93878
69846
54419
82798
49394
69345
39250
26399
32384
97484
63090
76597
14020
62045
18689
52623
52491
87906
82114
26961
17367
98279
71505
19537
21670
56125
60764
77962
91463
47556
83067
55521
51846
34746
41554
87263
22625
44644
66676
10499
70675
40581
87994
94436
97737
79484
53333
42911
37210
12286
86302
89841
79773
91417
61800
23495
31663
26644
46904
26299
81023
20782
48451
42895
53844
49912
86234
98733
90395
87860
62319
81832
96801
34060
19206
61175
38749
35243
94052
68544
38895
13279
47468
94318
71918
86789
83931
71126
16125
39086
16328
71229
79671
91145
53528
23966
36677
77291
32335
94998
16372
99014
61040
93576
92791
79499
71009
16657
75219
49208
65336
39833
39788
15097
13674
35721
46963
90463
78488
78916
59443
43680
36601
41176
43717
37766
82109
17559
28284
22341
31223
39647
64525
29368
98386
64817
46178
95082
70089
72539
11579
63864
13611
71054
49549
98626
21372
42043
51898
29323
64305
70362
26501
10172
19438
17316
13127
11331
37354
34872
48467
36745
97478
29324
24179
24371
61932
55020
64150
68372
10714
68990
72825
85765
32558
78846
71711
90337
32298
86944
36174
53613
79549
43539
61122
30084
49969
38272
11594
69508
21588
97316
97425
62763
63345
43015
52670
58251
33771
12901
42101
43970
90983
33538
89043
65451
73769
78129
84083
72978
81230
97477
96888
24917
97486
13312
27167
76762
72850
24623
99735
92737
33120
63398
38385
81987
62260
67235
85100
27762
13906
85558
42148
88468
92033
39309
99521
80929
28236
83442
50329
75224
71764
22012
89620
60052
98379
47207
47361
96159
61549
36863
28638
28879
24022
25334
25095
14190
66088
36470
47970
35396
24123
26462
49162
88098
53920
84177
18969
55280
14058
13245
23434
56966
77060
25997
41947
52576
91921
